51,1.52320,13.72,3.72,0.51,71.75,0.09,10.06,0.00,0.16,1
52,1.51926,13.20,3.33,1.28,72.36,0.60,9.14,0.00,0.11,1
53,1.51808,13.43,2.87,1.19,72.84,0.55,9.03,0.00,0.00,1
54,1.51837,13.14,2.84,1.28,72.85,0.55,9.07,0.00,0.00,1
55,1.51778,13.21,2.81,1.29,72.98,0.51,9.02,0.00,0.09,1
56,1.51769,12.45,2.71,1.29,73.70,0.56,9.06,0.00,0.24,1
57,1.51215,12.99,3.47,1.12,72.98,0.62,8.35,0.00,0.31,1
58,1.51824,12.87,3.48,1.29,72.95,0.60,8.43,0.00,0.00,1
59,1.51754,13.48,3.74,1.17,72.99,0.59,8.03,0.00,0.00,1
60,1.51754,13.39,3.66,1.19,72.79,0.57,8.27,0.00,0.11,1
61,1.51905,13.60,3.62,1.11,72.64,0.14,8.76,0.00,0.00,1
62,1.51977,13.81,3.58,1.32,71.72,0.12,8.67,0.69,0.00,1
63,1.52172,13.51,3.86,0.88,71.79,0.23,9.54,0.00,0.11,1
64,1.52227,14.17,3.81,0.78,71.35,0.00,9.69,0.00,0.00,1
65,1.52172,13.48,3.74,0.90,72.01,0.18,9.61,0.00,0.07,1
66,1.52099,13.69,3.59,1.12,71.96,0.09,9.40,0.00,0.00,1
67,1.52152,13.05,3.65,0.87,72.22,0.19,9.85,0.00,0.17,1
68,1.52152,13.05,3.65,0.87,72.32,0.19,9.85,0.00,0.17,1
69,1.52152,13.12,3.58,0.90,72.20,0.23,9.82,0.00,0.16,1
70,1.52300,13.31,3.58,0.82,71.99,0.12,10.17,0.00,0.03,1
71,1.51574,14.86,3.67,1.74,71.87,0.16,7.36,0.00,0.12,2
72,1.51848,13.64,3.87,1.27,71.96,0.54,8.32,0.00,0.32,2
73,1.51593,13.09,3.59,1.52,73.10,0.67,7.83,0.00,0.00,2
74,1.51631,13.34,3.57,1.57,72.87,0.61,7.89,0.00,0.00,2
75,1.51596,13.02,3.56,1.54,73.11,0.72,7.90,0.00,0.00,2
76,1.51590,13.02,3.58,1.51,73.12,0.69,7.96,0.00,0.00,2
77,1.51645,13.44,3.61,1.54,72.39,0.66,8.03,0.00,0.00,2
78,1.51627,13.00,3.58,1.54,72.83,0.61,8.04,0.00,0.00,2
79,1.51613,13.92,3.52,1.25,72.88,0.37,7.94,0.00,0.14,2
80,1.51590,12.82,3.52,1.90,72.86,0.69,7.97,0.00,0.00,2
81,1.51592,12.86,3.52,2.12,72.66,0.69,7.97,0.00,0.00,2
82,1.51593,13.25,3.45,1.43,73.17,0.61,7.86,0.00,0.00,2
83,1.51646,13.41,3.55,1.25,72.81,0.68,8.10,0.00,0.00,2
84,1.51594,13.09,3.52,1.55,72.87,0.68,8.05,0.00,0.09,2
85,1.51409,14.25,3.09,2.08,72.28,1.10,7.08,0.00,0.00,2
86,1.51625,13.36,3.58,1.49,72.72,0.45,8.21,0.00,0.00,2
87,1.51569,13.24,3.49,1.47,73.25,0.38,8.03,0.00,0.00,2
88,1.51645,13.40,3.49,1.52,72.65,0.67,8.08,0.00,0.10,2
89,1.51618,13.01,3.50,1.48,72.89,0.60,8.12,0.00,0.00,2
90,1.51640,12.55,3.48,1.87,73.23,0.63,8.08,0.00,0.09,2
91,1.51841,12.93,3.74,1.11,72.28,0.64,8.96,0.00,0.22,2
92,1.51605,12.90,3.44,1.45,73.06,0.44,8.27,0.00,0.00,2
93,1.51588,13.12,3.41,1.58,73.26,0.07,8.39,0.00,0.19,2
94,1.51590,13.24,3.34,1.47,73.10,0.39,8.22,0.00,0.00,2
95,1.51629,12.71,3.33,1.49,73.28,0.67,8.24,0.00,0.00,2
96,1.51860,13.36,3.43,1.43,72.26,0.51,8.60,0.00,0.00,2
97,1.51841,13.02,3.62,1.06,72.34,0.64,9.13,0.00,0.15,2
98,1.51743,12.20,3.25,1.16,73.55,0.62,8.90,0.00,0.24,2
99,1.51689,12.67,2.88,1.71,73.21,0.73,8.54,0.00,0.00,2
100,1.51811,12.96,2.96,1.43,72.92,0.60,8.79,0.14,0.00,2
